attacker: APGD

n_examples: 10_000
norm: Linf
epsilon: 0.03137254901960784
iteration: 100
step_size: 0.06274509803921569
rho: 0.75
alpha: 0.75

criterion: cw
dataset: cifar10
model:
    robustbench:
        Andriushchenko2020Understanding: 10_000
        Sehwag2020Hydra: 3_000
        Wang2020Improving: 3_000
        Carmon2019Unlabeled: 3_800
        Ding2020MMA: 7_800
        Addepalli2021Towards_RN18: 10_000
        Zhang2020Geometry: 4_000
